14
2
3 0.5
3 0.3
20
4
2 0.75
1 0.01
2 1.0
3 0.8
25
2
1 0.5
1 0.3
2
2
50 .4
50 .3
250
50
50 0.3
50 0.31
50 0.32
50 0.33
50 0.34
50 0.35
50 0.36
50 0.37
50 0.38
50 0.39
50 0.4
50 0.41
50 0.42
50 0.43
50 0.44
50 0.45
50 0.46
50 0.47
50 0.48
50 0.49
50 0.5
50 0.51
50 0.52
50 0.53
50 0.54
50 0.55
50 0.56
50 0.57
50 0.58
50 0.59
50 0.6
50 0.61
50 0.62
50 0.63
50 0.64
50 0.65
50 0.66
50 0.67
50 0.68
50 0.69
50 0.7
50 0.71
50 0.72
50 0.73
50 0.74
50 0.75
50 0.76
50 0.77
50 0.78
50 0.79
10000
5
50 1.0
50 1.0
50 1.0
50 1.0
50 1.0
250
10
1 0.0
2 0.1
3 0.2
4 0.3
5 0.4
6 0.5
7 0.6
8 0.7
9 0.8
10 0.9
10000
1
1 0.75
1
1
1 0.75
2
1
1 0.75
5
1
1 0.75
10
13
50 0.33
20 0.5
45 0.75
4 0.9
50 0.33
5 0.75
5 0.75
50 0.33
20 0.33
20 0.33
1 0.75
1 0.9
50 0.33
850
4
5 1.0
5 1.0
5 1.0
5 1.0
10
10
1 0.1
1 0.2
1 0.3
1 0.4
1 0.5
1 0.6
1 0.7
1 0.8
1 0.9
1 1.0
15


